n02_hR
[-1, 0,-1],[0, -1.32288,-0.5],[-1.11652, -0.610985, 0.616515]
n04_hR
[-1,0,-1],[0, -1.32288, 0.5],[-0.548584, 0.774292, 1.04858]
n24_hR
[-1,0,-1],[1.51184,0,-0.845178],[-0.255922,-1.44338,0.92259]
n15_tI
[ 2.,  0.,  0.],[ 0.,  2.,  0.],[-1., -1.,  2.]
n07_tI
[-1.95095 ,  1.41625 , -0.433603], [ 1.      , -1.      , -2.      ],[ 1.95095 ,  1.19163 ,  0.879663]
n06_tI
[-1.,        1.,        2.,      ],[ 1.,        1.60788,  -1.55394 ],[ 1.80278,  -1.47253,  0.762655]
n18_tI
[ 0,  0,  2],[ 1, -2,  1],[-2, -1,  1]
n19_oI
[-1. ,  0. ,  0. ],[-0.5, -1. ,  1.5],[-0.5,  1. ,  1.5]
n08_oI
[ 1.       ,  1.       ,  2.       ],[ 1.41144  ,  0.0885622, -2.       ],[-1.99868  ,  1.21232  , -0.731822 ]
n42_oI
[ 1.     ,  1.     ,  1.     ],[ 1.61803, -0.61803, -1.     ],[-1.53633,  1.36706, -1.33073]
n26_oF
[ 1. ,  0. ,  0. ],[ 0.5,  1. ,  0. ],[ 0.5,  0. ,  1.5]
n16_oF
[ 1.      ,  1.      , -1.      ],[ 0.779796, -1.1798  ,  1.      ],[-1.04442 , -1.43973 , -1.68415 ]
n38_oC
[-1. ,  0. ,  0. ],[ 0.5,  1. ,  0. ],[ 0. ,  0. ,  3. ]
n13_oC
[ 1.     ,  1.     ,  1.     ],[ 1.     , -1.     , -1.     ],[ 0.     , -1.73205,  1.73205]
n23_oC
[ 1.       ,  1.       ,  1.       ],[ 2.       , -1.       , -1.       ],[-0.3333333, -1.54116  ,  1.87449  ]
n40_oC
[ 1.      ,  1.      ,  1.      ],[ 1.61803 , -0.618034, -1.      ],[-1.05557 ,  1.99895 , -0.943376]
n36_oC
[1, 1, 1],[1.41421, -1.41421, 0],[-1.43541, -1.43541, 1.37083]
n33_mP
[ 2. ,  0. ,  0. ],[ 0. , -2. ,  0. ],[-0.5,  0. , -2. ]
n35_mP
[ 1.      ,  1.      ,  1.      ],[ 1.61803 , -0.618034, -1.      ],[-0.668912,  1.96676 , -1.29785 ]
n34_mP
[ 1.        ,  1.        ,  1.        ],[ 1.22474487, -1.22474487, -1.        ],[-0.16598509, -1.64308297,  1.80906806]
n14_mC
[-1. , -1. ,  0. ],[-1. ,  1. ,  0. ],[ 0.5,  0. ,  2. ]
n10_mC
[ 1.     ,  1.     ,  1.     ],[ 1.     , -1.     ,  1.     ],[-1.46391,  0.     ,  1.96391]
n17_mC
[ 1.      ,  1.      ,  1.      ],[ 0.809568, -1.15957 , -1.      ],[-1.05387 , -1.61088 ,  1.51474 ]
n20_mC
[ 1.       ,  1.       ,  1.       ],[ 1.70119  , -1.45119  ,  1.       ],[-1.0034   ,  0.0189395,  2.23446  ]
n25_mC
[ 1.     ,  1.     ,  1.     ],[ 1.45119, -1.70119, -1.     ],[-1.16241, -1.56776,  1.48018]
n27_mC
[-1.      , -1.      ,  0.      ],[-1.618033,  0.618033, -1.      ],[-1.464824,  0.464824,  1.907413]
n28_mC
[ 1.      ,  1.      ,  0.      ],[ 1.44896 , -0.948958,  1.      ],[-0.342424,  1.342424,  2.02006 ]
n29_mC
[ 1.      ,  1.      ,  0.      ],[ 1.61803 , -0.618034,  1.      ],[-0.666125,  1.16613 ,  2.04852 ]
n30_mC
[ 1.       ,  1.       ,  0.       ],[ 1.61803  , -0.618034 ,  1.       ],[-0.0361373,  0.536137 ,  2.38982  ]
n41_mC
[ 1.      ,  0.      ,  1.      ],[ 1.      , -1.41421 , -1.      ],[-1.85397 , -0.854143,  1.35397 ]
n37_mC
[ 1.      ,  0.      ,  1.      ],[ 1.      , -1.41421 , -1.      ],[-1.79092 , -1.47209 ,  0.790922]
n39_mC
[ 1.      ,  0.      ,  1.      ],[ 0.      , -1.73205 , -1.      ],[-1.66542 , -0.672857,  1.66542 ]
n43_mI
[ 1.     ,  1.     ,  1.     ],[ 1.64194, -1.14194, -1.     ],[-1.39716, -1.34718,  1.49434]
