           2           4           4
           0           5           5
           0           0          10
           2           4           9
           0           5           5
           0           0          10
           4           3           3
           0           5           0
           0           0           5
          50           0           0
           0           1           1
           0           0           2
          50           0           1
           0           1           1
           0           0           2
         100           0           0
           0           1           0
           0           0           1
