           1           1           1
           0           2           1
           0           0         500
           1           1           1
           0           4           2
           0           0         250
           1           1           1
           0           8           4
           0           0         125
           1           1           1
           0          10           5
           0           0         100
           1           1           1
           0          20          10
           0           0          50
           1           1           1
           0          40          20
           0           0          25
           1           1           0
           0        1000           0
           0           0           1
           2           0         126
           0           2         126
           0           0         250
           2           2           2
           0           2         126
           0           0         250
           2           2           0
           0         250           0
           0           0           2
          10           0           0
           0          10           0
           0           0          10
